0 13 2 17 2 21 642 28 26 31 67 36 5 41 24 
13 16 1 
16 
17 14 1 
14 
21 8 2 13 1 16 3 17 2 28 54 31 457 36 13 41 110 
8 14 1 17 1 
14 
17 14 1 
14 
13 
16 14 2 
14 
17 14 2 
14 
28 1 7 8 6 13 7 14 1 16 3 17 8 36 22 
1 8 2 13 1 16 1 17 3 
8 16 1 17 1 
16 14 1 
14 
17 14 1 
14 
13 
16 14 1 
14 
17 14 3 
14 
8 16 1 17 5 
16 14 1 
14 
17 14 5 
14 
13 8 1 16 2 17 2 
8 16 1 
16 
16 
17 
14 
16 14 3 
14 
17 14 7 
14 
36 1 14 8 2 13 4 16 1 17 1 
1 8 1 13 7 14 1 16 4 
8 17 1 
17 14 1 
14 
13 8 3 16 1 17 2 
8 17 3 
17 
16 
17 
14 
16 14 1 
14 
8 17 2 
17 14 2 
14 
13 8 2 16 2 
8 16 1 
16 
16 
16 14 1 
14 
17 14 1 
14 
31 1 1 8 1 13 5 14 1 16 6 17 2 28 93 36 19 41 329 
1 16 1 
16 
8 17 1 
17 
13 16 2 17 3 
16 
17 
14 
16 14 4 
14 
17 14 2 
14 
28 1 13 8 3 13 17 14 1 16 17 17 4 36 38 
1 8 3 13 4 16 2 17 4 
8 16 2 17 1 
16 14 2 
14 
17 14 1 
14 
13 16 2 17 2 
16 
17 
16 14 2 
14 
17 14 2 
14 
8 16 2 17 1 
16 14 2 
14 
17 14 1 
14 
13 8 8 16 5 17 3 
8 16 5 17 3 
16 
17 
16 
17 
14 
16 14 14 
14 
17 14 4 
14 
36 1 23 8 3 13 8 16 3 17 1 
1 8 4 13 16 16 3 
8 16 2 17 2 
16 14 1 
14 
17 14 2 
14 
13 8 4 16 4 17 7 
8 17 3 
17 
16 
17 
16 14 2 
14 
8 16 2 17 1 
16 14 1 
14 
17 14 1 
14 
13 8 4 16 3 17 1 
8 16 2 17 1 
16 
17 
16 
17 
16 14 2 
14 
17 14 1 
14 
36 1 13 8 2 13 2 16 2 
1 8 2 13 3 14 2 16 4 17 1 
8 17 1 
17 14 1 
14 
13 16 1 17 2 
16 
17 
14 
16 14 2 
14 
17 14 1 
14 
8 16 2 
16 
13 8 1 16 1 
8 17 1 
17 
16 
16 14 2 
14 
41 1 5 8 4 13 7 16 6 17 2 28 199 36 106 
1 13 1 16 4 
13 16 1 
16 
16 14 4 
14 
8 14 1 16 3 
14 
16 14 2 
14 
13 8 6 16 1 
8 16 3 17 2 
16 
17 
16 
16 14 6 
14 
17 14 2 
14 
28 1 11 8 19 13 15 14 2 16 11 17 12 36 129 
1 8 4 13 2 14 1 16 2 17 2 
8 16 2 17 2 
16 14 2 
14 
17 14 2 
14 
13 16 2 
16 
14 
16 14 1 
14 
17 14 2 
14 
8 14 3 16 9 17 7 
14 
16 14 9 
14 
17 14 6 
14 
13 8 6 16 6 17 2 
8 16 3 17 2 
16 
17 
16 
17 
14 
16 14 10 
14 
17 14 11 
14 
36 1 94 8 9 13 21 14 1 16 3 17 1 
1 8 22 13 57 14 1 16 4 17 10 
8 14 5 16 9 17 7 
14 
16 14 9 
14 
17 14 6 
14 
13 8 46 16 2 17 9 
8 16 10 17 34 
16 
17 
16 
17 
14 
16 14 4 
14 
17 14 10 
14 
8 14 1 16 4 17 4 
14 
16 14 2 
14 
17 14 4 
14 
13 8 15 16 3 17 3 
8 16 3 17 11 
16 
17 
16 
17 
14 
16 14 3 
14 
17 14 1 
14 
36 1 85 8 9 13 12 
1 8 18 13 55 14 2 16 7 17 3 
8 16 16 17 2 
16 14 7 
14 
17 14 1 
14 
13 8 40 16 10 17 5 
8 16 26 17 12 
16 
17 
16 
17 
14 
16 14 4 
14 
17 14 1 
14 
8 16 9 
16 14 6 
14 
13 8 10 16 1 17 1 
8 16 6 17 4 
16 
17 
16 
17 
36 1 10 8 1 13 1 16 1 
1 8 1 13 2 14 3 16 1 17 3 
8 16 1 
16 14 1 
14 
13 8 1 17 1 
8 16 1 
16 
17 
14 
16 
17 14 2 
14 
8 17 1 
17 14 1 
14 
13 16 1 
16 
16 14 1 
14 
41 1 10 8 4 13 5 16 3 17 2 28 58 36 28 
1 8 5 13 4 16 1 
8 16 3 17 2 
16 14 2 
14 
17 14 1 
14 
13 8 2 16 2 
8 16 1 17 1 
16 
17 
16 
16 14 1 
14 
8 16 3 17 1 
16 14 2 
14 
17 
13 8 3 16 1 17 1 
8 16 3 
16 
16 
17 
16 14 3 
14 
17 14 2 
14 
28 1 3 8 3 13 5 16 2 17 1 36 44 
1 8 2 13 1 
8 16 2 
16 14 1 
14 
13 8 1 
8 17 1 
17 
8 16 2 17 1 
16 14 2 
14 
17 14 1 
14 
13 8 1 16 1 17 2 
8 17 1 
17 
16 
17 
16 14 2 
14 
17 
36 1 36 8 4 13 2 16 2 
1 8 7 13 27 16 2 
8 16 5 17 2 
16 14 4 
14 
17 14 1 
14 
13 8 19 16 2 17 4 
8 16 5 17 14 
16 
17 
16 
17 
16 14 1 
14 
8 16 2 17 2 
16 14 1 
14 
17 14 2 
14 
13 8 1 17 1 
8 17 1 
17 
17 
16 14 1 
14 
36 1 26 13 1 14 1 
1 8 7 13 16 14 1 16 1 17 1 
8 14 2 16 3 17 2 
14 
16 14 3 
14 
17 14 2 
14 
13 8 14 17 1 
8 16 10 17 2 
16 
17 
17 
14 
16 14 1 
14 
17 14 1 
14 
13 8 1 
8 16 1 
16 
14 
28 1 1 8 1 13 5 14 2 17 3 36 14 
1 13 1 
13 17 1 
17 
8 14 1 
14 
13 8 2 17 3 
8 16 1 
16 
17 
14 
17 14 3 
14 
36 1 11 13 2 17 1 
1 8 1 13 4 14 2 16 1 17 3 
8 14 1 
14 
13 16 1 17 3 
16 
17 
14 
16 14 1 
14 
17 14 3 
14 
13 8 1 17 1 
8 17 1 
17 
17 
17 14 1 
14 
31 1 1 17 2 28 23 36 4 41 37 
1 14 1 
14 
17 14 2 
14 
28 1 6 8 2 13 2 14 1 17 4 36 7 
1 8 1 13 5 
8 17 1 
17 14 1 
14 
13 17 4 
17 
8 17 2 
17 14 2 
14 
13 17 2 
17 
14 
17 14 4 
14 
36 1 4 13 1 14 1 17 1 
1 13 3 17 1 
13 17 3 
17 
17 14 1 
14 
13 17 1 
17 
14 
17 14 1 
14 
36 1 4 
1 13 2 14 2 
13 17 1 
17 
14 
41 13 1 28 26 36 10 
13 17 1 
17 
28 1 1 8 1 13 4 16 1 36 19 
1 13 1 
13 8 1 
8 17 1 
17 
8 14 1 
14 
13 8 2 17 2 
8 17 2 
17 
17 
16 14 1 
14 
36 1 14 13 3 17 2 
1 8 1 13 6 14 1 16 1 17 5 
8 17 1 
17 14 1 
14 
13 8 5 16 1 
8 17 4 
17 
16 
14 
16 14 1 
14 
17 14 4 
14 
13 8 1 16 1 17 1 
8 17 1 
17 
16 
17 
17 14 2 
14 
36 1 10 
1 8 2 13 5 14 1 17 2 
8 14 1 17 1 
14 
17 14 1 
14 
13 8 1 16 2 17 1 
8 16 1 
16 
16 
17 
14 
17 14 2 
14 
36 1 5 
1 8 2 13 1 17 1 
8 14 1 17 1 
14 
17 14 1 
14 
13 
17 14 1 
14 
41 1 1 16 1 28 13 36 9 
1 17 1 
17 14 1 
14 
16 14 1 
14 
28 1 1 13 3 14 1 17 1 36 7 
1 14 1 
14 
13 17 1 
17 
14 
17 14 1 
14 
36 1 6 13 1 
1 13 2 14 1 17 3 
13 17 2 
17 
14 
17 14 3 
14 
13 17 1 
17 
36 1 8 13 1 
1 13 4 14 1 17 3 
13 8 3 16 1 
8 16 3 
16 
16 
14 
17 14 2 
14 
13 8 1 
8 17 1 
17 
